3.301000000000000000e+03 5.000000000000000000e+00
3.302000000000000000e+03 5.000000000000000000e+00
3.303000000000000000e+03 6.000000000000000000e+00
3.304000000000000000e+03 1.500000000000000000e+01
3.305000000000000000e+03 1.400000000000000000e+01
3.306000000000000000e+03 1.100000000000000000e+01
3.307000000000000000e+03 1.700000000000000000e+01
3.308000000000000000e+03 7.000000000000000000e+00
3.309000000000000000e+03 1.200000000000000000e+01
3.310000000000000000e+03 2.200000000000000000e+01
3.311000000000000000e+03 2.600000000000000000e+01
3.312000000000000000e+03 3.400000000000000000e+01
3.313000000000000000e+03 2.900000000000000000e+01
3.314000000000000000e+03 2.200000000000000000e+01
3.315000000000000000e+03 3.000000000000000000e+01
3.316000000000000000e+03 3.900000000000000000e+01
3.317000000000000000e+03 3.800000000000000000e+01
3.318000000000000000e+03 5.100000000000000000e+01
3.319000000000000000e+03 5.000000000000000000e+01
3.320000000000000000e+03 5.900000000000000000e+01
3.321000000000000000e+03 7.900000000000000000e+01
3.322000000000000000e+03 7.100000000000000000e+01
3.323000000000000000e+03 8.800000000000000000e+01
3.324000000000000000e+03 8.000000000000000000e+01
3.325000000000000000e+03 9.300000000000000000e+01
3.326000000000000000e+03 1.000000000000000000e+02
3.327000000000000000e+03 9.500000000000000000e+01
3.328000000000000000e+03 1.540000000000000000e+02
3.329000000000000000e+03 1.570000000000000000e+02
3.330000000000000000e+03 1.800000000000000000e+02
3.331000000000000000e+03 1.820000000000000000e+02
3.332000000000000000e+03 1.850000000000000000e+02
3.333000000000000000e+03 2.370000000000000000e+02
3.334000000000000000e+03 2.440000000000000000e+02
3.335000000000000000e+03 2.350000000000000000e+02
3.336000000000000000e+03 2.680000000000000000e+02
3.337000000000000000e+03 2.960000000000000000e+02
3.338000000000000000e+03 3.180000000000000000e+02
3.339000000000000000e+03 3.470000000000000000e+02
3.340000000000000000e+03 4.110000000000000000e+02
3.341000000000000000e+03 4.470000000000000000e+02
3.342000000000000000e+03 4.970000000000000000e+02
3.343000000000000000e+03 5.250000000000000000e+02
3.344000000000000000e+03 6.110000000000000000e+02
3.345000000000000000e+03 6.410000000000000000e+02
3.346000000000000000e+03 6.990000000000000000e+02
3.347000000000000000e+03 7.750000000000000000e+02
3.348000000000000000e+03 8.590000000000000000e+02
3.349000000000000000e+03 1.034000000000000000e+03
3.350000000000000000e+03 1.018000000000000000e+03
3.351000000000000000e+03 1.094000000000000000e+03
3.352000000000000000e+03 1.178000000000000000e+03
3.353000000000000000e+03 1.274000000000000000e+03
3.354000000000000000e+03 1.623000000000000000e+03
3.355000000000000000e+03 1.557000000000000000e+03
3.356000000000000000e+03 1.636000000000000000e+03
3.357000000000000000e+03 1.718000000000000000e+03
3.358000000000000000e+03 1.892000000000000000e+03
3.359000000000000000e+03 2.069000000000000000e+03
3.360000000000000000e+03 2.186000000000000000e+03
3.361000000000000000e+03 2.433000000000000000e+03
3.362000000000000000e+03 2.703000000000000000e+03
3.363000000000000000e+03 3.015000000000000000e+03
3.364000000000000000e+03 3.058000000000000000e+03
3.365000000000000000e+03 3.356000000000000000e+03
3.366000000000000000e+03 3.507000000000000000e+03
3.367000000000000000e+03 3.928000000000000000e+03
3.368000000000000000e+03 4.267000000000000000e+03
3.369000000000000000e+03 4.607000000000000000e+03
3.370000000000000000e+03 4.797000000000000000e+03
3.371000000000000000e+03 5.316000000000000000e+03
3.372000000000000000e+03 5.798000000000000000e+03
3.373000000000000000e+03 6.226000000000000000e+03
3.374000000000000000e+03 6.639000000000000000e+03
3.375000000000000000e+03 7.413000000000000000e+03
3.376000000000000000e+03 7.788000000000000000e+03
3.377000000000000000e+03 8.369000000000000000e+03
3.378000000000000000e+03 9.301000000000000000e+03
3.379000000000000000e+03 1.009900000000000000e+04
3.380000000000000000e+03 1.094000000000000000e+04
3.381000000000000000e+03 1.184500000000000000e+04
3.382000000000000000e+03 1.282200000000000000e+04
3.383000000000000000e+03 1.425800000000000000e+04
3.384000000000000000e+03 1.580000000000000000e+04
3.385000000000000000e+03 1.727700000000000000e+04
3.386000000000000000e+03 1.893400000000000000e+04
3.387000000000000000e+03 2.081300000000000000e+04
3.388000000000000000e+03 2.304900000000000000e+04
3.389000000000000000e+03 2.567600000000000000e+04
3.390000000000000000e+03 2.837500000000000000e+04
3.391000000000000000e+03 3.182800000000000000e+04
3.392000000000000000e+03 3.532100000000000000e+04
3.393000000000000000e+03 3.959900000000000000e+04
3.394000000000000000e+03 4.457600000000000000e+04
3.395000000000000000e+03 5.011900000000000000e+04
3.396000000000000000e+03 5.646500000000000000e+04
3.397000000000000000e+03 6.399300000000000000e+04
3.398000000000000000e+03 7.134000000000000000e+04
3.399000000000000000e+03 8.066400000000000000e+04
3.400000000000000000e+03 9.115000000000000000e+04
3.401000000000000000e+03 1.019010000000000000e+05
3.402000000000000000e+03 1.141260000000000000e+05
3.403000000000000000e+03 1.285160000000000000e+05
3.404000000000000000e+03 1.424850000000000000e+05
3.405000000000000000e+03 1.584450000000000000e+05
3.406000000000000000e+03 1.747910000000000000e+05
3.407000000000000000e+03 1.924700000000000000e+05
3.408000000000000000e+03 2.091400000000000000e+05
3.409000000000000000e+03 2.278610000000000000e+05
3.410000000000000000e+03 2.458060000000000000e+05
3.411000000000000000e+03 2.626620000000000000e+05
3.412000000000000000e+03 2.784540000000000000e+05
3.413000000000000000e+03 2.946870000000000000e+05
3.414000000000000000e+03 3.093450000000000000e+05
3.415000000000000000e+03 3.219330000000000000e+05
3.416000000000000000e+03 3.304030000000000000e+05
3.417000000000000000e+03 3.373590000000000000e+05
3.418000000000000000e+03 3.432480000000000000e+05
3.419000000000000000e+03 3.449900000000000000e+05
3.420000000000000000e+03 3.438750000000000000e+05
3.421000000000000000e+03 3.393950000000000000e+05
3.422000000000000000e+03 5.237660000000000000e+05
3.423000000000000000e+03 3.237000000000000000e+05
3.424000000000000000e+03 3.129820000000000000e+05
3.425000000000000000e+03 3.010720000000000000e+05
3.426000000000000000e+03 2.872960000000000000e+05
3.427000000000000000e+03 2.706920000000000000e+05
3.428000000000000000e+03 2.546240000000000000e+05
3.429000000000000000e+03 2.386080000000000000e+05
3.430000000000000000e+03 2.227320000000000000e+05
3.431000000000000000e+03 2.051010000000000000e+05
3.432000000000000000e+03 1.897700000000000000e+05
3.433000000000000000e+03 1.735760000000000000e+05
3.434000000000000000e+03 1.593370000000000000e+05
3.435000000000000000e+03 1.459920000000000000e+05
3.436000000000000000e+03 1.327420000000000000e+05
3.437000000000000000e+03 1.215010000000000000e+05
3.438000000000000000e+03 1.099600000000000000e+05
3.439000000000000000e+03 1.005120000000000000e+05
3.440000000000000000e+03 9.135000000000000000e+04
3.441000000000000000e+03 8.249600000000000000e+04
3.442000000000000000e+03 7.561900000000000000e+04
3.443000000000000000e+03 6.896400000000000000e+04
3.444000000000000000e+03 6.298100000000000000e+04
3.445000000000000000e+03 5.782200000000000000e+04
3.446000000000000000e+03 5.302800000000000000e+04
3.447000000000000000e+03 4.881900000000000000e+04
3.448000000000000000e+03 4.494300000000000000e+04
3.449000000000000000e+03 4.151800000000000000e+04
3.450000000000000000e+03 3.825300000000000000e+04
3.451000000000000000e+03 3.571900000000000000e+04
3.452000000000000000e+03 3.280900000000000000e+04
3.453000000000000000e+03 3.057400000000000000e+04
3.454000000000000000e+03 2.849200000000000000e+04
3.455000000000000000e+03 2.662400000000000000e+04
3.456000000000000000e+03 2.490900000000000000e+04
3.457000000000000000e+03 2.327700000000000000e+04
3.458000000000000000e+03 2.183100000000000000e+04
3.459000000000000000e+03 2.082100000000000000e+04
3.460000000000000000e+03 1.958000000000000000e+04
3.461000000000000000e+03 1.815700000000000000e+04
3.462000000000000000e+03 1.757700000000000000e+04
3.463000000000000000e+03 1.626500000000000000e+04
3.464000000000000000e+03 1.565900000000000000e+04
3.465000000000000000e+03 1.488000000000000000e+04
3.466000000000000000e+03 1.399000000000000000e+04
3.467000000000000000e+03 1.336500000000000000e+04
3.468000000000000000e+03 1.301200000000000000e+04
3.469000000000000000e+03 1.216700000000000000e+04
3.470000000000000000e+03 1.160900000000000000e+04
3.471000000000000000e+03 1.094500000000000000e+04
3.472000000000000000e+03 1.068900000000000000e+04
3.473000000000000000e+03 1.016500000000000000e+04
3.474000000000000000e+03 9.564000000000000000e+03
3.475000000000000000e+03 9.487000000000000000e+03
3.476000000000000000e+03 8.912000000000000000e+03
3.477000000000000000e+03 8.679000000000000000e+03
3.478000000000000000e+03 8.646000000000000000e+03
3.479000000000000000e+03 7.896000000000000000e+03
3.480000000000000000e+03 7.516000000000000000e+03
3.481000000000000000e+03 7.253000000000000000e+03
3.482000000000000000e+03 7.057000000000000000e+03
3.483000000000000000e+03 6.670000000000000000e+03
3.484000000000000000e+03 6.550000000000000000e+03
3.485000000000000000e+03 6.300000000000000000e+03
3.486000000000000000e+03 6.077000000000000000e+03
3.487000000000000000e+03 5.836000000000000000e+03
3.488000000000000000e+03 5.601000000000000000e+03
3.489000000000000000e+03 5.528000000000000000e+03
3.490000000000000000e+03 5.276000000000000000e+03
3.491000000000000000e+03 5.098000000000000000e+03
3.492000000000000000e+03 4.919000000000000000e+03
3.493000000000000000e+03 4.789000000000000000e+03
3.494000000000000000e+03 4.683000000000000000e+03
3.495000000000000000e+03 4.428000000000000000e+03
3.496000000000000000e+03 4.305000000000000000e+03
3.497000000000000000e+03 4.290000000000000000e+03
3.498000000000000000e+03 4.072000000000000000e+03
3.499000000000000000e+03 4.033000000000000000e+03
3.500000000000000000e+03 3.980000000000000000e+03
3.501000000000000000e+03 3.808000000000000000e+03
3.502000000000000000e+03 3.660000000000000000e+03
3.503000000000000000e+03 3.603000000000000000e+03
3.504000000000000000e+03 3.613000000000000000e+03
3.505000000000000000e+03 3.461000000000000000e+03
3.506000000000000000e+03 3.256000000000000000e+03
3.507000000000000000e+03 3.111000000000000000e+03
3.508000000000000000e+03 3.185000000000000000e+03
3.509000000000000000e+03 3.363000000000000000e+03
3.510000000000000000e+03 3.076000000000000000e+03
3.511000000000000000e+03 3.026000000000000000e+03
3.512000000000000000e+03 2.879000000000000000e+03
3.513000000000000000e+03 2.825000000000000000e+03
3.514000000000000000e+03 2.839000000000000000e+03
3.515000000000000000e+03 2.762000000000000000e+03
3.516000000000000000e+03 2.613000000000000000e+03
3.517000000000000000e+03 2.559000000000000000e+03
3.518000000000000000e+03 2.546000000000000000e+03
3.519000000000000000e+03 2.405000000000000000e+03
3.520000000000000000e+03 2.379000000000000000e+03
3.521000000000000000e+03 2.354000000000000000e+03
3.522000000000000000e+03 2.286000000000000000e+03
3.523000000000000000e+03 2.248000000000000000e+03
3.524000000000000000e+03 2.222000000000000000e+03
3.525000000000000000e+03 2.094000000000000000e+03
3.526000000000000000e+03 2.111000000000000000e+03
3.527000000000000000e+03 2.109000000000000000e+03
3.528000000000000000e+03 2.070000000000000000e+03
3.529000000000000000e+03 1.990000000000000000e+03
3.530000000000000000e+03 1.940000000000000000e+03
3.531000000000000000e+03 1.815000000000000000e+03
3.532000000000000000e+03 1.841000000000000000e+03
3.533000000000000000e+03 1.796000000000000000e+03
3.534000000000000000e+03 1.669000000000000000e+03
3.535000000000000000e+03 1.697000000000000000e+03
3.536000000000000000e+03 1.621000000000000000e+03
3.537000000000000000e+03 1.698000000000000000e+03
3.538000000000000000e+03 1.671000000000000000e+03
3.539000000000000000e+03 1.613000000000000000e+03
3.540000000000000000e+03 1.601000000000000000e+03
3.541000000000000000e+03 1.537000000000000000e+03
3.542000000000000000e+03 1.520000000000000000e+03
3.543000000000000000e+03 1.436000000000000000e+03
3.544000000000000000e+03 1.465000000000000000e+03
3.545000000000000000e+03 1.526000000000000000e+03
3.546000000000000000e+03 1.409000000000000000e+03
3.547000000000000000e+03 1.411000000000000000e+03
3.548000000000000000e+03 1.412000000000000000e+03
3.549000000000000000e+03 1.443000000000000000e+03
3.550000000000000000e+03 2.646000000000000000e+03
