3492 3659.5 3706.02295918
3516 3660.5 3696.60714286
3482 3609.0 3648.73214286
3451 3545.0 3573.00765306
3461 3549.0 3572.58928571
3437 3505.0 3520.23214286
3479 3577.0 3604.36479592
3435 3488.0 3499.4872449
3454 3581.0 3609.73214286
3506 3605.0 3616.0994898
3425 3621.0 3699.15816327
3473 3560.5 3580.5994898
3450 3551.5 3576.34183673
3445 3498.0 3507.16326531
3402 3440.0 3566.36714976
3432 3478.0 3488.50255102
3409 3434.0 3434.79591837
3427 3498.0 3508.33928571
3422 3584.0 5049.38520408
3404 3432.0 3558.52040816
3467 3561.0 3579.45153061
3417 3455.5 3459.58418367
3438 3541.0 3540.47212544
3400 3422.0 3422.24744898
3446 3555.5 3572.31377551
3420 3461.0 3465.77040816
3449 3557.5 3578.13520408
3415 3451.0 3454.39030612
3397 3424.0 3424.38520408
3417 3453.0 3457.30357143
3430 3501.0 3508.36989796
3475 3528.0 3533.58673469
3408 3454.5 3525.28794643
3417 3455.0 3471.12244898
3406 3467.0 3471.28316327
3467 3586.5 3616.09693878
3411 3443.0 3445.95663265
3419 3451.0 3453.26530612
3434 3477.0 3480.52295918
3440 3487.5 3495.15561224
3411 3477.0 3491.08928571
3412 3449.0 3453.22959184
3415 3441.0 3442.0255102
3426 3474.0 3478.98214286
3404 3435.0 3441.18112245
3400 3457.0 3460.15561224
3395 3423.0 3423.46173469
3413 3455.0 3460.33928571
3399 3459.0 3468.3494898
3411 3438.0 3439.40306122
3407 3469.0 3476.48979592
3421 3460.0 3608.89265537
3421 3474.0 3477.59438776
3406 3437.0 3438.01785714
3416 3463.5 3674.06632653
3401 3436.5 3441.35204082
3389 3443.0 3442.60714286
3491 3572.0 3590.44897959
3387 3415.0 3417.75765306
3415 3452.0 3482.81122449
3400 3453.0 3454.89795918
3401 3440.0 3440.46428571
3394 3434.0 3435.45153061
3428 3487.5 3520.36479592
3394 3421.0 3421.95918367
3396 3424.0 3424.1505102
3392 3434.0 3435.02040816
3382 3418.0 3454.00255102
3410 3474.0 3484.28571429
3415 3440.0 3440.95408163
3392 3429.0 3430.01020408
3411 3438.0 3438.45408163
3406 3445.0 3451.39285714
3398 3431.0 3431.99489796
3402 3426.0 3427.14030612
3455 3577.5 3653.27806122
3402 3435.0 3462.94387755
3413 3456.0 3465.75510204
3410 3437.0 3439.02806122
3412 3440.0 3441.56887755
3403 3424.0 3424.67091837
3392 3425.0 3426.75510204
3428 3542.0 3577.66836735
3405 3435.0 3437.16581633
3384 3430.0 3431.25510204
3409 3437.5 3438.55357143
3430 3589.0 3866.83673469
3394 3420.0 3419.64795918
3402 3425.0 3426.07142857
3475 3542.5 3553.82397959
3401 3425.5 3428.55612245
3479 3774.5 4593.53316327
3380 3416.0 3416.78061224
3377 3414.0 3413.69897959
3413 3446.0 3446.59438776
3403 3444.0 3445.36479592
3415 3490.0 3530.92602041
3464 3674.0 3729.06122449
3368 3432.0 3433.09183673
3392 3424.0 3424.61479592
3380 3433.0 3506.46610169
3410 3454.0 3466.00510204
3433 3465.5 3468.27295918
3430 3471.0 3479.05102041
3424 3483.0 3496.00255102
3394 3442.5 3444.94897959
3398 3433.0 3433.25510204
3387 3428.0 3429.76020408
3449 3626.5 7892.32397959
3389 3423.0 3422.30102041
3439 3473.0 3477.16326531
3424 3453.0 3455.12244898
3410 3453.0 3457.28316327
3407 3478.0 3491.82142857
3397 3424.0 3426.56377551
3412 3456.0 3462.26020408
3396 3425.0 3425.35969388
3393 3424.0 3424.29591837
3393 3422.0 3446.02040816
3411 3444.0 3450.23979592
3382 3436.0 3440.83673469
3421 3457.0 3458.08673469
3404 3448.0 3451.06887755
3363 3424.5 3424.57142857
3401 3426.0 3425.59693878
3400 3428.0 3438.06530612
3429 3460.0 3472.19897959
3390 3420.0 3419.82653061
3539 3711.0 3716.8622449
3418 3483.0 3489.47959184
3423 3456.0 3457.28061224
3405 3474.0 3504.94642857
3409 3433.0 3433.22193878
3384 3423.0 3424.15306122
3391 3430.0 3430.51785714
3401 3424.0 3424.78316327
3401 3452.0 3458.21938776
3437 3476.5 3512.69897959
3405 3431.0 3433.92857143
3401 3435.0 3569.48214286
3390 3425.0 3426.42602041
3467 3575.0 3579.98214286
3373 3410.0 3409.36734694
3416 3459.0 3472.27806122
3410 3436.0 3437.17091837
3425 3456.0 3456.59438776
3314 3408.5 3410.19132653
3388 3419.0 3420.12755102
3393 3419.0 3419.18877551
3406 3426.0 3426.23214286
3381 3411.0 3410.91836735
3383 3421.0 3420.79336735
3397 3424.0 3424.89540816
3400 3432.0 3432.60204082
3386 3419.0 3421.95153061
3394 3418.0 3417.76785714
3405 3433.0 3436.35714286
3404 3430.0 3433.70663265
3386 3411.5 3456.91071429
3418 3441.0 3441.87244898
3402 3434.0 3447.68877551
3388 3413.0 3413.40816327
3396 3419.0 3418.59183673
3376 3420.0 3420.31122449
3397 3426.5 3427.19897959
3411 3455.0 3457.16071429
3389 3425.0 3441.26530612
3401 3430.0 3429.46683673
3402 3444.0 3447.69132653
3414 3448.0 3468.92091837
3398 3420.0 3420.66326531
3385 3424.0 3425.46938776
3410 3434.0 3435.40306122
3377 3424.0 3423.5994898
3414 3448.5 3461.64795918
3407 3434.0 3435.42091837
3398 3424.0 3424.76020408
3386 3419.0 3419.29591837
3400 3426.0 3425.81377551
3411 3446.0 3499.78115942
3401 3433.0 3433.68367347
3400 3425.0 3425.31632653
3407 3466.5 3477.64795918
3383 3435.0 3435.20408163
3423 3469.0 3478.48469388
3386 3413.0 3412.11989796
3462 3495.0 3495.28061224
3399 3428.0 3430.03571429
3399 3446.5 3448.68112245
3395 3423.0 3423.03061224
3393 3432.5 3453.57653061
3387 3420.0 3420.34693878
3362 3433.0 3438.57101449
3411 3433.0 3433.35714286
3381 3412.0 3412.2755102
3395 3419.0 3418.81122449
3399 3441.0 3457.44387755
3413 3437.0 3438.45153061
3412 3439.0 3443.82908163
3391 3435.0 3440.08418367
3393 3420.0 3419.7627551
3382 3425.5 3440.03316327
3460 3497.0 3498.30867347
3401 3433.0 3433.6505102
3386 3424.0 3425.09183673
3421 3464.0 3470.0994898
3390 3422.0 3422.86989796
3394 3417.0 3417.63265306
3407 3434.0 3435.625
3372 3418.0 3417.42857143
3406 3436.0 3436.3622449
3429 3478.5 3531.76020408
3385 3415.0 3414.3877551
3388 3419.0 3420.10714286
3402 3467.5 3522.96745562
3407 3434.0 3443.19897959
3418 3447.0 3449.98979592
3404 3433.0 3432.3494898
3400 3421.5 3421.16836735
3387 3414.0 3413.96683673
3382 3419.0 3419.13265306
3399 3422.0 3422.21428571
3405 3433.0 3432.38520408
3413 3441.0 3443.35969388
3392 3415.5 3415.60714286
3318 3416.0 3415.33163265
3396 3418.0 3418.20663265
3376 3419.0 3420.625
3393 3423.0 3423.78571429
3368 3413.0 3413.87755102
3377 3422.0 3421.59183673
3398 3432.0 3432.89030612
3398 3420.0 3421.66071429
3380 3427.5 3429.73469388
3403 3430.0 3429.81887755
3387 3416.5 3416.81377551
3401 3425.5 3426.10969388
3389 3424.0 3422.36989796
3382 3415.0 3416.01785714
3415 3447.5 3448.4872449
3434 3468.0 3502.24863388
3407 3447.0 3452.4742268
3404 3428.0 3431.85969388
3396 3431.0 3433.66326531
3400 3425.0 3427.40816327
3414 3442.0 3458.41071429
3399 3428.0 3427.23214286
3411 3442.0 3442.8877551
3396 3423.0 3423.82908163
3393 3428.0 3429.28571429
3387 3416.0 3415.99234694
3415 3440.0 3440.5255102
3402 3433.0 3434.48469388
3396 3431.0 3432.80612245
3399 3436.0 3436.2244898
3402 3428.0 3428.82908163
3374 3434.5 3434.47704082
3403 3433.0 3435.58928571
3366 3408.0 3406.78826531
3401 3425.0 3424.73979592
3393 3420.0 3420.11989796
3381 3429.0 3429.375
3432 3456.0 3456.77806122
3396 3417.0 3416.89795918
3405 3435.0 3436.79336735
3416 3439.0 3439.82952548
3391 3410.0 3410.28316327
3394 3419.0 3419.91071429
3396 3418.0 3421.17602041
3392 3422.0 3422.80102041
3379 3410.0 3410.4872449
3387 3413.0 3414.15561224
3396 3434.0 3443.3622449
3394 3422.0 3422.24744898
3433 3457.0 3457.97193878
3377 3408.0 3407.89540816
3402 3426.0 3426.59438776
3406 3434.0 3434.09438776
3415 3461.0 3465.44387755
3394 3419.0 3419.37244898
3396 3425.0 3432.05102041
3404 3433.0 3445.14285714
3395 3424.5 3423.98979592
3371 3420.5 3420.67857143
3406 3428.0 3428.53571429
3374 3422.0 3422.18367347
3406 3435.5 3435.84438776
3394 3415.0 3415.9005102
3384 3429.0 3431.41836735
3397 3429.0 3430.71428571
3395 3416.0 3419.93877551
3405 3426.0 3425.8622449
3370 3408.0 3408.20153061
3407 3431.0 3433.875
3393 3421.0 3421.71428571
3398 3420.0 3424.07908163
3398 3424.0 3424.65561224
3397 3425.0 3424.84693878
3402 3427.0 3428.29081633
3404 3432.0 3431.85459184
3380 3424.0 3424.70918367
3403 3430.0 3430.375
3370 3406.0 3405.94387755
3394 3420.0 3420.18622449
3399 3420.0 3420.48979592
3402 3426.0 3425.93112245
3360 3411.5 3411.92091837
3398 3425.0 3426.15306122
3405 3428.5 3428.89540816
3374 3422.0 3422.49744898
3400 3425.0 3427.19387755
3388 3431.0 3431.46938776
3402 3425.0 3424.86989796
3415 3435.0 3435.88010204
3345 3422.0 3423.09183673
3393 3420.5 3420.93112245
3379 3429.0 3431.10969388
3407 3436.0 3436.4744898
3372 3405.0 3405.73469388
3383 3428.0 3428.44387755
3370 3413.5 3413.86989796
3383 3426.0 3431.48214286
3415 3454.0 3455.8622449
3371 3426.0 3432.48214286
3471 3496.0 3496.28061224
3405 3430.0 3431.32142857
3376 3422.5 3422.81377551
3390 3415.0 3416.16326531
3400 3421.0 3420.1122449
3373 3417.0 3418.12755102
3388 3421.0 3428.06377551
3403 3430.0 3429.54591837
3390 3412.0 3411.93112245
3409 3433.0 3433.2627551
3356 3413.0 3413.53316327
3389 3420.0 3419.92857143
3368 3412.0 3412.78571429
3408 3437.0 3465.43622449
3389 3420.0 3419.15816327
3382 3409.0 3408.71938776
3400 3421.0 3421.9005102
3394 3416.0 3419.38520408
3397 3421.0 3421.20408163
3398 3426.0 3425.43112245
3394 3425.0 3425.02295918
3400 3425.0 3424.93367347
3383 3422.0 3422.54336735
3392 3420.0 3420.69387755
3377 3416.0 3418.60033445
3419 3442.0 3442.98979592
3397 3417.0 3418.29336735
3399 3425.0 3424.91836735
3395 3421.5 3421.78571429
3402 3426.0 3428.9744898
3394 3422.0 3422.33673469
3413 3439.0 3439.15306122
3396 3420.0 3420.78571429
3434 3460.0 3462.17857143
3390 3413.0 3413.22704082
3398 3444.0 3445.31632653
3411 3437.0 3437.25510204
3398 3432.5 3432.71428571
3398 3422.5 3423.4872449
3396 3418.0 3418.18622449
3397 3421.0 3421.29846939
3376 3407.0 3407.79591837
3398 3421.5 3422.33163265
3397 3428.5 3433.61989796
3362 3416.0 3416.54846939
3350 3406.0 3406.89795918
3394 3421.0 3420.86479592
3384 3420.0 3420.14285714
3395 3416.0 3416.70918367
3405 3428.0 3427.45153061
3406 3430.0 3430.32397959
3397 3422.5 3424.04846939
3399 3421.0 3421.13265306
3389 3430.0 3436.63520408
3408 3432.0 3432.54846939
3396 3420.0 3422.93430657
3386 3408.0 3407.75
3392 3435.0 3436.47704082
3397 3443.0 3873.46428571
3397 3438.0 3442.94387755
3406 3429.0 3429.95153061
3391 3415.0 3414.44642857
3400 3425.0 3428.97959184
3388 3425.5 3427.28316327
3383 3412.0 3417.63106796
3386 3423.0 3423.17346939
3392 3426.0 3432.71683673
3397 3420.0 3419.89540816
3395 3422.5 3423.63265306
3382 3415.0 3415.42091837
3411 3448.5 3596.94642857
3399 3425.0 3425.29081633
3392 3426.0 3428.00510204
3317 3411.0 3410.44387755
3409 3430.0 3430.10204082
3416 3438.0 3439.10714286
3371 3412.0 3412.58673469
3407 3438.0 3441.93367347
3390 3424.0 3424.7372449
3385 3417.0 3417.2627551
3353 3417.5 3418.16836735
3395 3429.0 3429.125
3391 3418.0 3418.21938776
3390 3418.0 3418.34438776
3391 3417.0 3418.05357143
3374 3408.0 3408.29591837
3365 3422.0 3421.88265306
3390 3414.0 3415.37244898
3401 3422.0 3422.72704082
3399 3430.0 3433.07908163
3389 3416.0 3416.11734694
3428 3465.0 3466.74489796
3401 3430.0 3432.14030612
3396 3421.0 3420.81632653
3387 3418.0 3418.53826531
3442 3480.0 3518.27295918
3360 3411.0 3411.03826531
3398 3418.0 3417.78061224
3387 3418.0 3418.4744898
3403 3461.0 3464.26530612
3406 3433.0 3433.27806122
3398 3421.0 3420.84183673
3360 3407.0 3405.99744898
3402 3423.0 3423.08673469
3408 3427.0 3427.35459184
3395 3422.0 3422.57142857
3397 3429.5 3429.82908163
3381 3415.0 3415.88010204
3397 3430.5 3431.70408163
3395 3415.0 3415.14795918
3410 3439.0 3441.55357143
3406 3438.0 3522.21173469
3406 3433.0 3433.39540816
3397 3422.0 3424.2
3384 3424.0 3423.81632653
3388 3413.0 3413.78061224
3442 3470.0 3471.15561224
3401 3425.0 3425.8622449
3400 3420.0 3420.04846939
3425 3465.0 3465.59693878
3394 3419.0 3419.06887755
3398 3420.0 3419.61479592
3408 3427.5 3427.98469388
3401 3433.0 3432.94897959
3406 3427.0 3428.7244898
3394 3415.0 3419.47193878
3400 3424.0 3424.87755102
3385 3420.0 3420.96938776
3368 3415.0 3415.41836735
3328 3410.0 3410.02040816
3390 3411.5 3411.96173469
3383 3418.0 3417.58673469
3387 3415.0 3414.75
3389 3413.0 3414.9872449
3402 3423.0 3423.19132653
3374 3419.0 3419.86479592
3413 3436.0 3436.83163265
3391 3425.0 3424.63265306
3406 3431.5 3432.33928571
3383 3434.0 3434.67602041
3401 3425.0 3425.07397959
3395 3425.0 3426.05357143
3386 3417.5 3419.8622449
3324 3424.0 3427.83163265
3402 3423.0 3423.21683673
3337 3407.5 3409.67857143
3396 3422.0 3422.32653061
3365 3419.0 3418.54846939
3372 3408.5 3408.85714286
3379 3420.0 3420.73979592
3388 3432.0 3437.05612245
3394 3422.0 3421.70408163
3390 3414.0 3414.10714286
3369 3414.0 3413.92091837
3407 3431.0 3432.54591837
3346 3413.0 3412.46173469
3429 3453.0 3453.44642857
3398 3423.0 3424.48469388
3376 3416.0 3416.49234694
3407 3429.0 3429.38010204
3387 3419.5 3418.89285714
3403 3425.0 3424.80612245
3396 3424.0 3422.94642857
3398 3420.0 3419.9005102
3380 3424.0 3428.37755102
3398 3422.0 3422.81887755
3393 3421.0 3430.86989796
3401 3429.5 3429.7627551
3413 3438.0 3438.10459184
3386 3417.0 3417.56377551
3388 3410.0 3410.17346939
3401 3429.0 3430.58163265
3403 3424.0 3424.10714286
3390 3416.0 3426.71173469
3400 3423.0 3424.22704082
3368 3410.0 3410.48469388
3398 3420.0 3420.54846939
3383 3425.0 3425.30612245
3395 3421.0 3421.26020408
3407 3431.0 3431.76020408
3387 3405.0 3405.23979592
3396 3448.0 3459.43292683
3403 3431.0 3447.87755102
3423 3444.0 3445.28571429
3403 3425.0 3425.48214286
3391 3418.0 3417.53061224
3393 3420.0 3419.65816327
3400 3426.0 3425.50765306
3398 3423.0 3422.67602041
3393 3418.0 3417.53826531
3362 3407.0 3407.66666667
3310 3414.5 3415.28316327
3420 3441.0 3441.5255102
3383 3408.0 3408.43622449
3397 3416.0 3418.41581633
3400 3428.0 3429.84438776
3392 3413.0 3413.0255102
3396 3418.0 3418.05357143
3397 3416.0 3416.44642857
3396 3422.0 3421.55867347
3395 3417.0 3416.98979592
3375 3411.0 3411.14030612
3391 3423.0 3423.46428571
3391 3422.5 3422.14285714
3398 3430.0 3429.88520408
3368 3413.0 3413.74489796
3389 3420.5 3426.66326531
3389 3414.0 3414.07653061
3408 3447.0 3449.13010204
3397 3422.5 3422.79591837
3382 3411.5 3412.26020408
3377 3416.0 3416.58673469
3377 3407.0 3409.46683673
3401 3424.0 3424.24744898
3387 3419.0 3418.61989796
3378 3405.0 3405.13520408
3399 3426.0 3425.10204082
3385 3412.0 3412.69387755
3405 3426.0 3426.3622449
3399 3426.0 3428.06632653
3396 3419.0 3420.17091837
3384 3418.0 3418.59438776
3406 3430.0 3429.60969388
3414 3457.0 3510.15816327
3387 3418.5 3421.92857143
3401 3426.0 3429.08418367
3378 3412.0 3413.29591837
3390 3411.0 3410.73469388
3405 3425.0 3425.18112245
3396 3419.0 3418.875
3389 3414.0 3413.10714286
3388 3415.0 3414.54336735
3398 3416.0 3416.80357143
3396 3417.0 3417.5127551
3424 3452.0 3453.05867347
3368 3416.0 3415.3494898
3422 3446.0 3446.68112245
3400 3420.0 3420.85459184
3408 3433.0 3435.6377551
3399 3428.0 3428.89030612
3364 3405.0 3404.41836735
3400 3421.0 3421.40561224
3405 3427.5 3428.00255102
3407 3428.0 3427.85969388
3415 3440.0 3440.13265306
3391 3419.0 3418.63520408
3400 3421.0 3421.60459184
3398 3422.0 3421.66071429
3368 3413.0 3414.04846939
3397 3421.0 3420.57653061
3402 3424.0 3423.78061224
3403 3423.0 3423.50765306
3374 3418.0 3419.40816327
3385 3419.0 3419.47193878
3410 3435.0 3435.56122449
3414 3436.0 3435.4744898
3430 3453.0 3453.62244898
3374 3415.0 3414.11989796
3413 3433.0 3432.79081633
3435 3464.0 3464.43112245
3385 3416.0 3416.22704082
